[Starting] Opening the serial port - COM3
[Error]Error: Opening COM3: File not found
[Starting] Opening the serial port - COM3
[Info] Opened the serial port - COM3
Succeeded to open the port!
Succeeded to change the baudrate!
Search for all servos at baud rate: 1000000
Found servo ID : 2	3	13	14	15	16	17	18	
setup of Dynamixel complete
Frame Found
Number of (loadcell) arduino's counted: 4
all motor parameters set to default
Compliant Mode : 1
Recentering : 0
Learning rate : 1

weights{1} = [ ...
3.80670   	  -1.48430   	  -1.44392   	  1.39968   	  1.94581   	  -1.92892   	  -1.27930   	  0.79726   	  -2.13694   	  1.47204   	  -2.49806   	  -0.47096   	  1.80254   	  -2.90512   	  -1.42608   	  1.26601   	  ; ... 
3.37168   	  -1.33152   	  -0.98080   	  1.52027   	  3.11272   	  -0.21202   	  3.34712   	  -1.63817   	  -0.01245   	  1.20316   	  -5.98095   	  1.40367   	  0.36808   	  1.62902   	  -2.11178   	  1.76321   	  ; ... 
-2.27850   	  -0.70808   	  2.98571   	  -2.61829   	  -1.73492   	  -3.06721   	  2.12705   	  -3.61880   	  -4.18239   	  -0.64413   	  6.47932   	  0.21891   	  -4.80774   	  0.47223   	  0.69681   	  -2.15632   	  ; ... 
2.10297   	  -0.31688   	  -0.77071   	  1.47484   	  1.71485   	  -0.01861   	  -0.99519   	  0.41478   	  2.20700   	  0.13137   	  -1.34862   	  0.85501   	  -0.24605   	  3.36521   	  -0.05595   	  0.77547   	  ; ... 
-2.92269   	  1.50658   	  -1.69111   	  1.99252   	  -2.50216   	  -0.39014   	  1.37385   	  -0.16574   	  1.34034   	  -0.10784   	  4.39685   	  -0.96183   	  -0.72786   	  -0.44249   	  2.05575   	  -1.35718   	  ; ... 
2.31659   	  0.92422   	  -2.20930   	  2.60469   	  1.86237   	  2.25041   	  -2.81658   	  2.36179   	  2.60711   	  -0.38974   	  -4.01730   	  0.56405   	  5.71613   	  -1.38041   	  -0.20206   	  1.61571   	  ; ... 
-0.11816   	  2.10129   	  1.45200   	  -0.62931   	  2.95314   	  -2.97922   	  1.78541   	  -1.88875   	  1.27688   	  -0.23398   	  1.42936   	  -0.85301   	  -0.63050   	  -1.72251   	  0.69846   	  -1.25877   	  ; ... 
-0.36847   	  0.60044   	  2.35741   	  -3.44390   	  -2.32635   	  0.78612   	  2.48073   	  -1.97381   	  1.32069   	  -1.27715   	  1.05393   	  0.18998   	  -1.56116   	  -1.32433   	  -3.32278   	  0.27338   	  ; ... 
15.36643   	  -2.37423   	  2.78479   	  -3.05345   	  -0.97273   	  -5.98942   	  3.17017   	  -4.13756   	  -2.06322   	  2.12348   	  5.23134   	  -1.16446   	  -6.15462   	  -1.02748   	  0.14924   	  -2.25152   	  ; ... 
3.89366   	  -2.09940   	  1.22930   	  -1.31439   	  -6.20558   	  -0.23252   	  1.55980   	  -2.35877   	  0.81377   	  -0.78503   	  1.17804   	  -0.63129   	  -0.74438   	  -2.05414   	  0.84964   	  -1.29741   	  ; ... 
2.72778   	  -1.20548   	  -2.51489   	  2.02343   	  1.95422   	  1.20020   	  -4.01194   	  4.84515   	  -2.09154   	  1.35105   	  2.08629   	  -3.10300   	  0.93813   	  1.41127   	  0.45259   	  0.51102   	  ; ... 
1.81530   	  2.37327   	  -3.50086   	  1.93371   	  1.25707   	  5.96089   	  -3.10679   	  7.11334   	  2.57313   	  -1.60189   	  -4.22760   	  0.71813   	  5.46943   	  1.67923   	  -0.68967   	  2.27028   	  ; ... 
-12.66913   	  -9.19950   	  -11.63575   	  -10.33641   	  -10.06058   	  -12.19557   	  -8.24106   	  -8.32330   	  -10.66729   	  -10.34595   	  -13.18217   	  -16.95897   	  -10.49989   	  -8.12817   	  -14.61415   	  -12.87472   	  ; ... 
-10.62063   	  -2.56793   	  -4.55639   	  -4.50337   	  -7.35864   	  -4.22413   	  -5.20762   	  -5.64993   	  -10.69003   	  -4.94652   	  -11.98130   	  -11.53153   	  -6.88867   	  -0.32533   	  -2.58175   	  -2.74806   	  ; ... 
-242.67740   	  -237.01486   	  -263.49374   	  -229.93036   	  -232.83044   	  -242.43048   	  -250.41350   	  -243.00504   	  -247.39848   	  -217.40028   	  -262.15805   	  -258.01154   	  -246.53073   	  -214.62900   	  -263.16531   	  -262.57501   	  ; ... 
21.83067   	  66.32777   	  53.85241   	  48.30380   	  34.35519   	  78.10113   	  56.29487   	  55.08655   	  12.87801   	  89.90177   	  61.30748   	  60.38285   	  0.29651   	  68.76711   	  48.30426   	  39.66085   	  ; ... 
];

weights_pos{1} = [ ...
0.13486   	  -0.10768   	  0.00409   	  0.00011   	  0.02546   	  -0.03125   	  0.00000   	  -0.00335   	  0.00245   	  -0.00181   	  0.00000   	  -0.00001   	  0.00352   	  -0.00271   	  0.00333   	  -0.00275   	  ; ... 
0.00000   	  0.00003   	  0.13255   	  -0.09924   	  0.00350   	  0.00000   	  -0.00263   	  0.00140   	  -0.00225   	  0.00072   	  0.00000   	  0.00000   	  0.00000   	  0.00070   	  0.00333   	  0.00000   	  ; ... 
0.03834   	  -0.04139   	  -0.00009   	  0.00154   	  0.10287   	  -0.12720   	  0.00069   	  -0.00140   	  0.00316   	  -0.00262   	  0.00333   	  -0.00544   	  0.00167   	  0.00000   	  0.00247   	  0.00023   	  ; ... 
-0.00068   	  0.00006   	  0.00142   	  0.00000   	  0.00069   	  -0.00214   	  0.11326   	  -0.12518   	  -0.00124   	  -0.00130   	  0.00000   	  0.00071   	  0.00000   	  0.00000   	  -0.00275   	  0.00000   	  ; ... 
0.00443   	  -0.00438   	  -0.00122   	  0.00123   	  0.00341   	  0.00024   	  0.00000   	  0.00416   	  0.12762   	  -0.11720   	  -0.00195   	  0.00657   	  0.01010   	  -0.02075   	  0.00143   	  0.00484   	  ; ... 
0.01443   	  -0.01013   	  -0.00635   	  0.00286   	  0.01130   	  -0.00240   	  0.00615   	  -0.00890   	  0.00342   	  0.00589   	  0.14286   	  -0.12596   	  0.00899   	  0.00264   	  -0.01182   	  0.00466   	  ; ... 
0.02202   	  -0.00133   	  0.00012   	  0.00366   	  0.00362   	  0.00300   	  -0.00562   	  0.00432   	  0.03240   	  -0.00741   	  -0.01325   	  0.00191   	  0.11875   	  -0.08910   	  -0.00138   	  -0.00144   	  ; ... 
0.00389   	  -0.00265   	  0.00120   	  -0.00402   	  0.00486   	  0.00114   	  -0.00593   	  -0.00292   	  -0.00127   	  0.00423   	  -0.01075   	  0.00131   	  0.00686   	  0.00000   	  0.13442   	  -0.13072   	  ; ... 
];

Max computation time p1 (in ms) : 15

Checksum mismatch counter value : 2

weights{2} = [ ...
3.53475   	  -2.18634   	  -3.00726   	  2.01891   	  3.29184   	  -4.41657   	  -2.35138   	  1.25844   	  -3.22469   	  3.53658   	  -4.32852   	  -0.85585   	  3.60262   	  -3.88879   	  -1.93765   	  2.42852   	  ; ... 
3.30605   	  -1.73332   	  -2.15424   	  2.15177   	  4.14058   	  -1.52945   	  6.38982   	  -3.93851   	  -0.02854   	  1.63152   	  -10.30526   	  2.46239   	  0.86895   	  2.16923   	  -1.41725   	  3.01054   	  ; ... 
2.32235   	  -0.99278   	  6.61474   	  -4.26551   	  -1.48424   	  -1.40500   	  4.56079   	  -5.40348   	  -8.23679   	  3.84784   	  11.89970   	  -0.84042   	  -8.14983   	  1.55246   	  0.42408   	  -5.14843   	  ; ... 
2.34763   	  -1.23971   	  -1.54043   	  2.21456   	  3.48789   	  -1.74474   	  -1.76474   	  1.69237   	  3.99398   	  -1.30623   	  -2.75084   	  2.08493   	  -0.33291   	  5.43832   	  -0.35012   	  1.39183   	  ; ... 
-3.60445   	  2.34969   	  -3.43675   	  4.57136   	  -2.97126   	  1.29621   	  3.44848   	  -1.69313   	  1.73276   	  -1.39463   	  8.00719   	  -1.78756   	  -1.34788   	  0.22441   	  2.44633   	  -2.13147   	  ; ... 
-2.60658   	  1.06208   	  -4.83619   	  4.26901   	  0.83937   	  -0.13787   	  -5.69548   	  5.34462   	  6.53049   	  -3.22001   	  -8.63761   	  1.73114   	  9.72879   	  -3.54010   	  -1.01599   	  3.89564   	  ; ... 
-1.07023   	  3.87837   	  2.63208   	  -0.61202   	  5.76331   	  -5.11424   	  3.15953   	  -3.16258   	  2.27918   	  -2.29219   	  3.81412   	  -1.95457   	  -0.53341   	  -2.13091   	  1.22494   	  -2.04625   	  ; ... 
0.92104   	  1.40663   	  5.23257   	  -5.41720   	  -3.07814   	  2.52013   	  4.34098   	  -3.60856   	  2.13500   	  -4.28265   	  2.53037   	  -0.24685   	  -2.02749   	  -2.52913   	  -4.82740   	  0.25410   	  ; ... 
19.74278   	  -4.06136   	  5.18598   	  -5.01965   	  1.47422   	  -5.93361   	  6.74065   	  -7.35043   	  -4.26672   	  2.17598   	  10.44913   	  -3.15619   	  -8.99023   	  1.19674   	  0.50239   	  -4.81513   	  ; ... 
6.71934   	  -4.77038   	  3.05123   	  -2.58397   	  -10.57822   	  3.31873   	  2.93192   	  -3.30155   	  1.28533   	  -2.77970   	  3.45183   	  -1.41060   	  -0.83751   	  -2.85156   	  1.25087   	  -2.03545   	  ; ... 
2.18060   	  -1.67279   	  -4.91637   	  2.94444   	  3.63784   	  -0.50975   	  -7.93712   	  7.92633   	  -3.91226   	  2.50681   	  4.24685   	  -5.73808   	  1.64221   	  2.18073   	  0.32370   	  0.92647   	  ; ... 
-4.38295   	  4.58586   	  -7.85976   	  3.47851   	  -0.56646   	  4.94954   	  -6.24237   	  8.56661   	  4.76677   	  -1.99198   	  -8.86647   	  1.57450   	  8.29223   	  0.18330   	  -1.04411   	  5.07088   	  ; ... 
-23.93672   	  -18.51423   	  -22.40173   	  -21.24336   	  -17.44699   	  -21.58603   	  -18.41391   	  -19.56849   	  -18.78515   	  -20.90878   	  -24.41645   	  -31.89820   	  -18.21416   	  -15.94739   	  -23.89637   	  -20.46553   	  ; ... 
-12.61051   	  -0.45761   	  -2.94701   	  -3.89712   	  -10.39164   	  -4.40703   	  -7.04636   	  -8.03431   	  -22.98964   	  -11.34014   	  -23.73393   	  -21.46095   	  -12.68475   	  -2.17088   	  -3.58359   	  -4.93800   	  ; ... 
-464.82764   	  -448.73502   	  -493.16150   	  -450.75891   	  -430.55994   	  -449.75574   	  -463.06436   	  -460.27322   	  -458.56522   	  -424.13992   	  -476.33289   	  -477.33804   	  -459.20169   	  -425.78513   	  -471.58008   	  -489.85040   	  ; ... 
42.99519   	  130.63942   	  102.08595   	  94.38088   	  47.72281   	  147.66393   	  100.24083   	  102.94529   	  24.07904   	  174.98126   	  111.15913   	  114.15386   	  -7.38089   	  139.98189   	  86.82463   	  76.43643   	  ; ... 
];

weights_pos{2} = [ ...
0.23989   	  -0.20380   	  0.00643   	  -0.00205   	  0.05219   	  -0.04756   	  0.00000   	  -0.00580   	  0.00428   	  -0.00298   	  0.00000   	  -0.00348   	  0.00365   	  -0.00370   	  0.00553   	  -0.00240   	  ; ... 
0.00064   	  0.00003   	  0.24395   	  -0.20761   	  0.00440   	  -0.00001   	  -0.00233   	  0.00260   	  -0.00198   	  0.00207   	  0.00143   	  0.00000   	  0.00000   	  0.00392   	  0.00294   	  0.00000   	  ; ... 
0.05004   	  -0.08317   	  -0.00008   	  -0.00366   	  0.20477   	  -0.22344   	  0.00675   	  -0.00124   	  0.00474   	  -0.01083   	  0.00571   	  -0.00739   	  0.00431   	  0.00075   	  0.00141   	  -0.00104   	  ; ... 
-0.00060   	  0.00006   	  0.00194   	  0.00000   	  0.00196   	  -0.00484   	  0.21556   	  -0.22571   	  -0.00773   	  -0.00182   	  0.00556   	  -0.00153   	  0.00065   	  0.00341   	  -0.00428   	  0.00000   	  ; ... 
0.00592   	  -0.01949   	  -0.00310   	  0.00058   	  0.01027   	  -0.00600   	  -0.00347   	  0.01412   	  0.23374   	  -0.21018   	  0.00075   	  0.00704   	  0.02955   	  -0.04356   	  0.00318   	  0.00825   	  ; ... 
0.01470   	  -0.01102   	  -0.01406   	  0.00467   	  0.01549   	  0.00174   	  0.01340   	  -0.01625   	  0.00693   	  0.00469   	  0.28259   	  -0.23432   	  0.00666   	  0.00317   	  -0.01540   	  0.00764   	  ; ... 
0.01798   	  -0.00119   	  0.00272   	  0.00387   	  0.01766   	  -0.00503   	  -0.01226   	  0.00840   	  0.05397   	  -0.00912   	  -0.01202   	  0.00094   	  0.21564   	  -0.19681   	  -0.00122   	  0.00272   	  ; ... 
0.00675   	  -0.01205   	  0.00105   	  -0.01320   	  0.00998   	  -0.00770   	  -0.01055   	  0.00595   	  -0.00301   	  0.00711   	  -0.02536   	  0.00838   	  0.00645   	  0.00535   	  0.23467   	  -0.23892   	  ; ... 
];

Max computation time p1 (in ms) : 15

Checksum mismatch counter value : 4

weights{3} = [ ...
2.99886   	  -3.77245   	  -4.19294   	  2.96066   	  4.11635   	  -6.22660   	  -3.55169   	  1.79738   	  -4.67843   	  8.72544   	  -6.18152   	  -0.70236   	  6.34478   	  -5.35598   	  -2.06351   	  3.36616   	  ; ... 
2.64349   	  -2.58968   	  -3.44537   	  3.22765   	  5.40059   	  -2.54609   	  8.96299   	  -5.23547   	  0.49172   	  4.79798   	  -14.91747   	  3.49650   	  0.56606   	  2.64335   	  -1.56888   	  4.41000   	  ; ... 
6.91739   	  -0.71227   	  9.77990   	  -6.26385   	  -1.22250   	  0.25580   	  7.00650   	  -7.22085   	  -10.02861   	  2.85683   	  14.62748   	  -1.72673   	  -11.74311   	  4.36988   	  -0.10308   	  -7.52975   	  ; ... 
2.77672   	  -1.30454   	  -2.26487   	  3.04545   	  5.23958   	  -3.28330   	  -2.76765   	  2.74270   	  4.87051   	  -3.37639   	  -2.72622   	  3.36122   	  -1.18376   	  6.28780   	  -0.31331   	  1.82834   	  ; ... 
-4.62885   	  3.72036   	  -4.11749   	  6.93899   	  -3.85436   	  3.14495   	  5.00786   	  -3.27415   	  2.16360   	  -1.89709   	  10.71119   	  -2.37118   	  -0.99959   	  0.34131   	  2.88322   	  -2.90138   	  ; ... 
-6.03515   	  0.72960   	  -7.05844   	  5.73095   	  0.24889   	  -1.52365   	  -8.17062   	  7.80060   	  8.91146   	  -3.86999   	  -11.23925   	  3.35281   	  13.90051   	  -6.48486   	  -0.36141   	  5.58677   	  ; ... 
-3.76548   	  5.27660   	  3.75395   	  -0.76997   	  7.80205   	  -6.11933   	  4.29158   	  -3.97940   	  3.22204   	  -3.93127   	  5.79640   	  -3.12935   	  -0.22781   	  -2.51625   	  1.68480   	  -2.84233   	  ; ... 
0.71896   	  2.19276   	  7.11656   	  -7.48888   	  -4.26318   	  4.50408   	  5.85726   	  -4.77844   	  2.77516   	  -6.57410   	  3.60235   	  -0.45365   	  -1.81471   	  -3.73995   	  -6.82894   	  0.42113   	  ; ... 
21.71810   	  -5.30762   	  7.99056   	  -6.96338   	  2.41744   	  -5.14612   	  9.69835   	  -9.61467   	  -5.36312   	  2.80573   	  15.11763   	  -4.93187   	  -10.98994   	  3.24490   	  0.27167   	  -6.92638   	  ; ... 
9.86087   	  -6.47104   	  4.28877   	  -3.91250   	  -15.10732   	  6.51903   	  4.43044   	  -4.45702   	  1.94229   	  -4.38203   	  5.12037   	  -1.94788   	  -0.80574   	  -3.57909   	  1.50782   	  -2.94916   	  ; ... 
1.79961   	  -2.48165   	  -7.19914   	  3.87996   	  5.28048   	  -1.94008   	  -11.13040   	  10.04636   	  -5.07807   	  4.49384   	  6.17453   	  -8.49309   	  1.57996   	  3.06040   	  0.80088   	  1.25684   	  ; ... 
-9.48234   	  5.90900   	  -10.52916   	  5.33888   	  -1.82425   	  4.10798   	  -9.49260   	  9.79830   	  6.50933   	  -1.04489   	  -13.14248   	  2.51723   	  10.54312   	  -1.44767   	  -0.34722   	  7.34548   	  ; ... 
-34.04654   	  -26.34084   	  -30.83012   	  -29.52903   	  -23.64693   	  -29.25941   	  -26.69220   	  -30.25125   	  -26.85707   	  -33.31760   	  -35.60918   	  -44.30171   	  -25.89292   	  -21.52638   	  -33.72086   	  -29.05880   	  ; ... 
-13.53877   	  0.67389   	  -2.79475   	  -5.49405   	  -13.28466   	  -3.18706   	  -8.89341   	  -9.49004   	  -32.22695   	  -16.71921   	  -33.12330   	  -28.98933   	  -18.81138   	  -2.14662   	  -5.86802   	  -7.44341   	  ; ... 
-661.21240   	  -639.12531   	  -693.99768   	  -645.15826   	  -611.97260   	  -631.21613   	  -652.82507   	  -648.74915   	  -642.94263   	  -613.34381   	  -669.63147   	  -671.16010   	  -660.94177   	  -619.16571   	  -673.63275   	  -688.76227   	  ; ... 
60.06734   	  183.40851   	  143.27669   	  134.48563   	  64.24345   	  201.87656   	  140.48714   	  142.15604   	  33.17068   	  252.01198   	  155.32100   	  158.76765   	  -25.50551   	  203.32652   	  121.14041   	  109.36450   	  ; ... 
];

weights_pos{3} = [ ...
0.33323   	  -0.28845   	  0.00774   	  -0.00181   	  0.07962   	  -0.07132   	  0.00285   	  -0.00653   	  0.00378   	  -0.00535   	  0.00000   	  -0.00301   	  0.00642   	  -0.00327   	  0.00623   	  -0.00475   	  ; ... 
-0.00382   	  0.00075   	  0.34045   	  -0.30228   	  0.00594   	  -0.00266   	  -0.00279   	  0.00228   	  -0.00174   	  0.00534   	  0.00123   	  -0.00037   	  -0.00072   	  0.00214   	  0.00255   	  0.00000   	  ; ... 
0.05348   	  -0.11339   	  0.00405   	  -0.00532   	  0.28632   	  -0.30978   	  0.00597   	  -0.00179   	  0.00991   	  -0.01725   	  0.01131   	  -0.00971   	  0.00999   	  -0.00196   	  0.00432   	  -0.00355   	  ; ... 
0.00031   	  -0.00028   	  0.00367   	  0.00000   	  0.00322   	  -0.00640   	  0.30686   	  -0.32067   	  -0.01040   	  -0.00162   	  0.00477   	  -0.00311   	  0.00219   	  0.00280   	  -0.00371   	  -0.00049   	  ; ... 
0.01268   	  -0.02011   	  -0.00270   	  -0.00285   	  0.01109   	  -0.01242   	  -0.00430   	  0.02215   	  0.32353   	  -0.29631   	  -0.00063   	  0.01246   	  0.05232   	  -0.06275   	  -0.00742   	  0.00991   	  ; ... 
0.01359   	  -0.01188   	  -0.02118   	  0.00749   	  0.01669   	  -0.00203   	  0.01591   	  -0.02399   	  0.00630   	  0.00682   	  0.38403   	  -0.33597   	  0.00520   	  0.00970   	  -0.01613   	  0.00930   	  ; ... 
0.01582   	  -0.00173   	  -0.00096   	  0.00341   	  0.02022   	  -0.01702   	  -0.01574   	  0.00215   	  0.08075   	  -0.01569   	  -0.01329   	  0.00288   	  0.31697   	  -0.29020   	  -0.00103   	  0.00310   	  ; ... 
0.00833   	  -0.01218   	  0.00364   	  -0.01566   	  0.01113   	  -0.02095   	  -0.01937   	  0.00522   	  -0.00265   	  0.01309   	  -0.03441   	  0.01729   	  0.00153   	  0.00692   	  0.33654   	  -0.33155   	  ; ... 
];

Max computation time p1 (in ms) : 15

Checksum mismatch counter value : 4

weights{4} = [ ...
3.01370   	  -5.36706   	  -5.14667   	  3.50132   	  5.27695   	  -8.06779   	  -4.47332   	  2.30846   	  -5.92251   	  14.19514   	  -7.34545   	  -0.75700   	  8.53133   	  -6.25323   	  -2.28577   	  3.97312   	  ; ... 
1.99135   	  -3.53199   	  -4.33296   	  3.91221   	  6.83330   	  -3.42444   	  11.19186   	  -6.56722   	  0.69269   	  7.75259   	  -18.19422   	  4.60073   	  0.26848   	  2.94271   	  -1.00050   	  5.52502   	  ; ... 
10.83994   	  -0.44282   	  12.70246   	  -7.47013   	  -0.81785   	  2.30703   	  8.99102   	  -8.74993   	  -10.64190   	  -0.12213   	  16.71986   	  -2.77671   	  -13.98150   	  6.01711   	  -1.87535   	  -9.17029   	  ; ... 
3.00367   	  -1.29439   	  -3.00281   	  3.82462   	  6.07994   	  -4.42504   	  -3.62364   	  3.79308   	  6.51544   	  -4.91760   	  -3.43935   	  4.62706   	  -2.82623   	  6.81347   	  -0.27782   	  2.23867   	  ; ... 
-5.31305   	  5.02443   	  -5.27341   	  7.99078   	  -4.38359   	  4.66472   	  6.47696   	  -4.35434   	  2.65857   	  -2.65327   	  13.55993   	  -3.46084   	  -0.50743   	  0.66819   	  4.83244   	  -3.64105   	  ; ... 
-8.82569   	  0.63991   	  -9.38291   	  7.79193   	  -1.31148   	  -2.59288   	  -10.72374   	  9.84900   	  10.86123   	  -3.77198   	  -15.21748   	  4.87291   	  16.50537   	  -8.49502   	  -0.79966   	  6.74636   	  ; ... 
-5.72843   	  7.10402   	  4.99506   	  -1.48616   	  9.56991   	  -6.94967   	  5.45086   	  -5.12528   	  4.13257   	  -5.47777   	  7.07877   	  -3.30320   	  0.12465   	  -2.58041   	  1.71406   	  -3.39813   	  ; ... 
0.88633   	  3.01205   	  8.70114   	  -10.69287   	  -5.49797   	  5.80401   	  7.23113   	  -5.79177   	  3.57108   	  -8.20055   	  4.62147   	  -1.08073   	  -1.39945   	  -4.46692   	  -6.49572   	  0.73794   	  ; ... 
23.39747   	  -6.31565   	  9.51610   	  -9.96447   	  3.09957   	  -4.28371   	  12.42020   	  -11.64056   	  -6.15054   	  3.12641   	  19.34477   	  -5.92428   	  -12.58677   	  5.37265   	  0.60525   	  -8.52527   	  ; ... 
12.34069   	  -8.10080   	  5.46690   	  -4.60807   	  -19.47619   	  10.24531   	  5.46278   	  -5.24905   	  2.35855   	  -5.97077   	  6.85947   	  -2.17968   	  -0.45065   	  -3.82153   	  1.24143   	  -3.52284   	  ; ... 
1.15842   	  -3.56111   	  -8.70719   	  5.23586   	  6.96872   	  -3.28910   	  -14.00987   	  12.08904   	  -6.15147   	  5.57486   	  7.43938   	  -10.45948   	  1.41144   	  3.72367   	  1.47927   	  1.71013   	  ; ... 
-13.42639   	  6.96362   	  -13.84205   	  6.45767   	  -1.15708   	  2.59736   	  -11.79440   	  11.03929   	  7.87858   	  -0.28363   	  -16.75883   	  2.47475   	  13.27050   	  -2.90734   	  1.93642   	  8.91625   	  ; ... 
-42.86946   	  -32.80241   	  -38.80264   	  -36.67337   	  -29.72556   	  -37.05757   	  -33.79399   	  -38.98226   	  -34.98850   	  -41.35826   	  -44.05038   	  -53.71735   	  -33.19921   	  -27.92146   	  -41.87624   	  -35.03135   	  ; ... 
-13.63238   	  1.24433   	  -2.79218   	  -6.98646   	  -16.55220   	  -4.73099   	  -9.84475   	  -11.08323   	  -38.33027   	  -21.74743   	  -42.14661   	  -41.42067   	  -24.40179   	  -2.99212   	  -8.51597   	  -9.79474   	  ; ... 
-834.86957   	  -809.11273   	  -865.55627   	  -795.16913   	  -771.43262   	  -793.74780   	  -822.84424   	  -815.76227   	  -806.22705   	  -766.95410   	  -845.46655   	  -846.90057   	  -840.31140   	  -790.72504   	  -833.15973   	  -863.96808   	  ; ... 
76.32772   	  230.60880   	  179.50285   	  166.45345   	  79.38269   	  249.82838   	  176.83939   	  178.02419   	  41.91503   	  308.90961   	  195.05960   	  196.14867   	  -40.05841   	  258.43768   	  150.78792   	  136.59554   	  ; ... 
];

weights_pos{4} = [ ...
0.41725   	  -0.36316   	  0.01166   	  0.00069   	  0.10187   	  -0.08739   	  0.00252   	  -0.00934   	  0.00469   	  -0.00681   	  0.00219   	  -0.00188   	  0.00628   	  -0.00287   	  0.01229   	  -0.00680   	  ; ... 
-0.00334   	  -0.00007   	  0.42776   	  -0.37755   	  0.00969   	  -0.00450   	  -0.00458   	  0.00201   	  -0.00279   	  0.00676   	  0.00250   	  -0.00024   	  -0.00062   	  0.00253   	  0.00270   	  0.00000   	  ; ... 
0.06254   	  -0.14268   	  0.00434   	  -0.00528   	  0.35715   	  -0.38560   	  0.00523   	  -0.00794   	  0.00838   	  -0.02062   	  0.00994   	  -0.00934   	  0.01217   	  -0.00235   	  0.00447   	  -0.00449   	  ; ... 
0.00099   	  -0.00025   	  0.00488   	  0.00278   	  0.00531   	  -0.00570   	  0.38687   	  -0.40292   	  -0.01876   	  0.00436   	  0.00336   	  -0.00273   	  0.00208   	  0.00245   	  -0.00326   	  0.00008   	  ; ... 
0.01652   	  -0.02156   	  -0.00564   	  0.00890   	  0.01064   	  -0.01447   	  -0.00380   	  0.02230   	  0.41164   	  -0.37998   	  -0.00963   	  0.01427   	  0.07440   	  -0.08111   	  -0.00653   	  0.01071   	  ; ... 
0.01137   	  -0.01261   	  -0.02641   	  0.00929   	  0.01717   	  -0.00737   	  0.02571   	  -0.02987   	  0.00420   	  0.01178   	  0.46010   	  -0.41713   	  -0.00541   	  0.00715   	  -0.02263   	  0.02299   	  ; ... 
0.01596   	  -0.00646   	  -0.00222   	  0.00358   	  0.02478   	  -0.02053   	  -0.01602   	  0.00189   	  0.10365   	  -0.02311   	  -0.01662   	  0.00600   	  0.40671   	  -0.37780   	  0.00264   	  0.00275   	  ; ... 
0.01272   	  -0.00997   	  -0.00313   	  -0.01817   	  0.00645   	  -0.02196   	  -0.02215   	  0.00601   	  -0.00629   	  0.01729   	  -0.03412   	  0.02135   	  -0.00060   	  0.00799   	  0.41597   	  -0.41351   	  ; ... 
];

Max computation time p1 (in ms) : 15

Checksum mismatch counter value : 4

weights{5} = [ ...
3.17851   	  -6.12796   	  -5.91737   	  4.30500   	  6.50559   	  -9.44071   	  -4.85742   	  2.72617   	  -6.70177   	  17.59860   	  -8.71135   	  -0.80636   	  10.30238   	  -7.13174   	  -3.23059   	  4.69405   	  ; ... 
1.95258   	  -3.87359   	  -5.20344   	  4.42060   	  8.64551   	  -5.61543   	  13.28110   	  -8.43217   	  1.18228   	  10.26642   	  -21.67182   	  5.48888   	  0.37001   	  3.13118   	  -2.17649   	  6.77220   	  ; ... 
13.28864   	  -0.69708   	  14.47980   	  -8.63821   	  -2.27812   	  4.88496   	  10.21714   	  -9.54231   	  -13.55021   	  -2.56219   	  19.02197   	  -2.43901   	  -16.20490   	  8.19378   	  -1.30847   	  -10.83561   	  ; ... 
3.17420   	  -1.68008   	  -3.09893   	  4.13550   	  7.17971   	  -5.77456   	  -4.43730   	  4.51447   	  8.18409   	  -6.55231   	  -4.56388   	  5.59619   	  -3.18462   	  7.40091   	  -0.29543   	  2.58368   	  ; ... 
-6.29341   	  5.89933   	  -6.02950   	  9.86626   	  -5.28094   	  5.68653   	  7.29193   	  -5.35072   	  3.26605   	  -4.17355   	  15.97942   	  -5.73415   	  -0.38722   	  0.76840   	  5.91105   	  -4.34807   	  ; ... 
-10.81548   	  0.55342   	  -10.57982   	  8.29205   	  -0.35669   	  -4.37397   	  -12.66416   	  11.85754   	  13.16849   	  -1.56971   	  -18.47357   	  7.37806   	  19.56499   	  -10.39297   	  -0.93865   	  7.97060   	  ; ... 
-8.64542   	  8.49877   	  5.72345   	  -1.17973   	  10.83658   	  -9.40231   	  6.09620   	  -5.53685   	  4.78031   	  -7.91961   	  7.86099   	  -4.01755   	  0.32399   	  -2.62109   	  1.57492   	  -3.93210   	  ; ... 
0.68678   	  3.66909   	  10.08198   	  -11.48430   	  -6.41245   	  7.13637   	  8.48610   	  -7.04258   	  4.32541   	  -11.86428   	  5.37105   	  -3.89226   	  -1.08528   	  -5.36392   	  -8.68028   	  1.11750   	  ; ... 
23.66934   	  -7.39322   	  10.82885   	  -11.29672   	  2.36390   	  -6.20681   	  14.78200   	  -13.09803   	  -7.88432   	  0.68387   	  21.47904   	  -9.15790   	  -13.47923   	  6.71048   	  -0.01724   	  -10.12476   	  ; ... 
14.49370   	  -10.10041   	  5.81468   	  -5.50696   	  -23.01572   	  10.44847   	  6.56985   	  -5.55986   	  2.61437   	  -7.88812   	  7.61995   	  -2.55259   	  0.07046   	  -4.48355   	  1.45431   	  -4.35333   	  ; ... 
0.99319   	  -4.09461   	  -10.15579   	  5.79724   	  8.11472   	  -5.35121   	  -15.44521   	  14.52345   	  -7.43272   	  7.28048   	  8.35829   	  -14.04927   	  1.30263   	  4.22838   	  1.34726   	  1.71391   	  ; ... 
-15.41242   	  8.97225   	  -15.48437   	  7.61255   	  0.50894   	  3.71897   	  -14.41032   	  10.90874   	  9.91907   	  0.86962   	  -19.08887   	  1.03646   	  14.41161   	  -4.17829   	  1.91649   	  10.49333   	  ; ... 
-50.00507   	  -39.17268   	  -45.28835   	  -44.01986   	  -34.59872   	  -42.03349   	  -40.96605   	  -45.86985   	  -42.53845   	  -50.74312   	  -51.74923   	  -59.29438   	  -39.12436   	  -33.07760   	  -48.65313   	  -40.04846   	  ; ... 
-15.14531   	  1.17307   	  -4.10263   	  -8.33995   	  -19.06116   	  -4.29491   	  -11.25633   	  -12.14396   	  -47.68802   	  -25.25460   	  -49.46986   	  -49.20420   	  -29.86056   	  -5.48155   	  -9.98304   	  -11.43981   	  ; ... 
-988.87231   	  -960.19312   	  -1020.22784   	  -952.66675   	  -908.34406   	  -926.20880   	  -962.43732   	  -956.67004   	  -951.24176   	  -916.05231   	  -981.74329   	  -1000.41742   	  -998.76337   	  -942.92578   	  -987.26526   	  -1015.79901   	  ; ... 
89.01158   	  272.10623   	  210.36102   	  197.95245   	  96.63233   	  297.23233   	  206.47438   	  207.07018   	  45.00508   	  365.11212   	  227.25848   	  231.74710   	  -50.68827   	  309.64413   	  177.49890   	  160.11267   	  ; ... 
];

weights_pos{5} = [ ...
0.48649   	  -0.43176   	  0.01302   	  0.00061   	  0.11512   	  -0.10177   	  0.00013   	  -0.01034   	  0.01062   	  -0.01417   	  0.00188   	  -0.00516   	  0.00808   	  -0.00523   	  0.01389   	  -0.00595   	  ; ... 
-0.00491   	  -0.00007   	  0.49974   	  -0.45316   	  0.01151   	  -0.00536   	  -0.00512   	  0.00177   	  -0.00246   	  0.00531   	  0.00215   	  -0.00021   	  -0.00054   	  0.00150   	  0.00233   	  0.00000   	  ; ... 
0.07680   	  -0.17503   	  0.00663   	  -0.01015   	  0.40724   	  -0.46110   	  0.00612   	  -0.00831   	  0.00946   	  -0.02683   	  0.00853   	  -0.01251   	  0.01391   	  -0.00265   	  0.00806   	  -0.00646   	  ; ... 
0.00087   	  -0.00022   	  0.00149   	  0.00374   	  0.01127   	  -0.00770   	  0.45362   	  -0.47467   	  -0.02088   	  0.00385   	  0.00288   	  -0.01038   	  0.00142   	  0.00349   	  -0.00283   	  0.00141   	  ; ... 
0.01935   	  -0.02895   	  -0.00567   	  0.00782   	  0.01191   	  -0.02658   	  -0.00673   	  0.02452   	  0.48246   	  -0.45174   	  -0.01697   	  0.01571   	  0.09299   	  -0.09832   	  -0.00883   	  0.01472   	  ; ... 
0.01271   	  -0.01328   	  -0.02806   	  0.00816   	  0.01739   	  -0.00714   	  0.03915   	  -0.03527   	  0.00441   	  0.02180   	  0.53666   	  -0.49341   	  -0.00828   	  0.01110   	  -0.03289   	  0.02462   	  ; ... 
0.02369   	  -0.00577   	  -0.00399   	  0.00597   	  0.02916   	  -0.02000   	  -0.02180   	  0.00458   	  0.12777   	  -0.02711   	  -0.02520   	  0.00521   	  0.48464   	  -0.45033   	  0.00228   	  0.00176   	  ; ... 
0.01788   	  -0.01286   	  -0.00405   	  -0.02620   	  0.00572   	  -0.02670   	  -0.02691   	  0.00658   	  -0.00592   	  0.01674   	  -0.03968   	  0.02366   	  -0.00259   	  0.00706   	  0.49430   	  -0.48648   	  ; ... 
];

Max computation time p1 (in ms) : 15

Checksum mismatch counter value : 4

Total number of frames found : 3121
all motor parameters set to default
